0
0.0
0.0359
0.03
0.036
0.0349
0.0329
0.032
0.0339
0.031
0.036
0.0399
0.029
0.0309
0.0309
0.037
0.0319
0.031
0.036
0.036
0.0319
0.032
0.035
0.0299
0.035
0.0399
0.0339
0.028
0.0319
0.0329
0.036
0.0429
0.029
0.032
0.032
0.0289
0.032
0.032
0.036
0.032
0.0419
0.03
0.0299
0.0329
0.0309
0.0329
0.036
0.0399
0.028
0.0309
0.038
0.0279
0.035
0.032
0.036
0.0349
0.034
0.0289
0.035
0.032
0.0349
0.036
0.032
0.0339
0.031
0.0309
0.0369
0.032
0.034
0.0369
0.0299
0.0309
0.036
0.031
0.036
0.0319
0.034
0.0369
0.0379
0.027
0.0329
0.0309
0.035
0.0369
0.036
0.0299
0.0299
0.034
0.0339
0.032
0.0349
0.038
0.0299
0.0339
0.031
0.0309
0.035
0.0329
0.039
0.0329
0.0299
0.0309
0.035
0.0329
0.0339
0.041
0.0299
0.0279
0.037
0.0289
0.035
0.032
0.0349
0.04
0.0289
0.0299
0.035
0.032
0.0349
0.035
0.042
0.022
0.0339
0.0329
0.0339
0.0329
0.034
0.0349
0.0329
0.037
0.0289
0.032
0.0339
0.032
0.039
0.028
0.0389
0.028
0.035
0.0319
0.035
0.0329
0.0429
0.023
0.035
0.0329
0.0329
0.0329
0.0339
0.0399
0.026
0.0329
0.036
0.031
0.0349
0.036
0.0399
0.023
0.034
0.0319
0.036
0.031
0.0349
0.032
0.035
0.0319
0.038
0.029
0.0339
0.0329
0.034
0.0319
0.035
0.032
0.0349
0.031
0.0349
0.0329
0.034
0.0319
0.035
0.032
0.0349
0.032
0.034
0.0319
0.036
0.031
0.036
0.0319
0.034
0.0319
0.035
0.032
0.0349
0.031
0.0369
0.0309
0.035
0.031
0.0349
0.032
0.035
0.0329
0.0339
0.0329
0.035
0.0309
0.035
0.0319
0.036
0.031
0.0349
0.031
0.0349
0.032
0.035
0.032
0.0349
0.0329
0.035
0.0309
0.034
0.0329
0.0349
0.031
0.0369
0.0299
0.036
0.0299
0.036
0.032
0.0349
0.032
0.035
0.032
0.0339
0.032
0.0349
0.032
0.036
0.0309
0.036
0.031
0.0339
0.032
0.036
0.0309
0.035
0.0319
0.035
0.032
0.0349
0.031
0.036
0.0309
0.036
0.031
0.036
0.0309
0.035
0.0309
0.0369
0.031
0.0349
0.031
0.036
0.0319
0.035
0.032
0.0339
0.032
0.035
0.0319
0.036
0.031
0.0349
0.032
0.036
0.0299
0.035
0.0319
0.036
0.032
0.035
0.032
0.0339
0.032
0.036
0.0309
0.035
0.0319
0.034
0.0319
0.035
0.032
0.036
0.0319
0.034
0.0329
0.0349
0.031
0.0369
0.0299
0.035
0.032
0.0349
0.031
0.0349
0.032
0.035
0.0329
0.0349
0.032
0.0339
0.031
0.0349
0.0329
0.035
0.031
0.0359
0.031
0.035
0.0319
0.035
0.0329
0.0339
0.032
0.035
0.0339
0.0329
0.0309
0.036
0.031
0.0349
0.032
0.038
0.029
0.0349
0.0329
0.034
0.0319
0.035
0.032
0.036
0.0299
0.036
0.0309
0.035
0.0319
0.036
0.031
0.0349
0.034
0.032
0.0329
0.0349
0.035
0.032
0.0309
0.0399
0.0269
0.035
0.032
0.0349
0.037
0.0369
0.0279
0.032
0.0339
0.0329
0.032
0.034
0.0379
0.032
0.0329
0.0309
0.032
0.035
0.0429
0.0269
0.0369
0.0269
