0
0.038
0.0639
0.0469
0.071
0.068
0.0599
0.068
0.0649
0.055
0.0659
0.062
0.0599
0.068
0.0559
0.0709
0.077
0.069
0.0739
0.068
0.0729
0.0599
0.068
0.072
0.065
0.0789
0.082
0.0739
0.0629
0.063
0.0769
0.0609
0.064
0.0659
0.069
0.0699
0.074
0.062
0.0599
0.069
0.0639
0.075
0.0499
0.059
0.0559
0.059
0.0759
0.0629
0.057
0.0669
0.064
0.0539
0.048
0.0669
0.062
0.0429
0.046
0.0479
0.065
0.048
0.0579
0.046
0.048
0.0429
0.0439
0.053
0.0449
0.0429
0.048
0.048
0.0569
0.0539
0.048
0.042
0.0619
0.055
0.046
0.049
0.0429
0.062
0.0529
0.061
0.0579
0.048
0.0509
0.041
0.0479
0.046
0.05
0.0499
0.042
0.0469
0.045
0.046
0.0489
0.044
0.0499
0.0439
0.045
0.0499
0.044
0.0499
0.046
0.0439
0.049
0.0469
0.048
0.049
0.042
0.0469
0.055
0.0439
0.0409
0.06
0.0529
0.0429
0.046
0.0469
0.0759
0.0559
0.0529
0.057
0.0429
0.0439
0.048
0.046
0.0449
0.048
0.0499
0.046
0.044
0.0489
0.049
0.064
0.046
0.045
0.0479
0.0439
0.049
0.047
0.046
0.046
0.0559
0.059
0.0419
0.051
0.0399
0.049
0.046
0.049
0.0449
0.048
0.048
0.0469
0.0469
0.046
0.048
0.046
0.0439
0.049
0.046
0.045
0.0469
0.061
0.0549
0.044
0.0469
0.046
0.0469
0.047
0.0479
0.046
0.048
0.0479
0.046
0.0499
0.044
0.0509
0.046
0.044
0.0469
0.046
0.0499
0.042
0.048
0.0479
0.046
0.049
0.046
0.048
0.0499
0.0469
0.048
0.0439
0.045
0.052
0.0569
0.0479
0.046
0.049
0.047
0.0659
0.0569
0.0559
0.0599
0.078
0.071
0.0579
0.064
0.0629
0.0699
0.064
0.0759
0.0629
0.0699
0.068
0.0659
0.049
0.069
0.0739
0.075
0.0739
